555
653
941
1434
2118
2927
5578
6166
8234
9927
12039
16788
19882
23893
27636
30818
34392
37121
40151
42763
44803
45222
60369
66886
69031
71225
73259
75137
75640
76198
76824
78580
78966
79569
80414
81396
82755
84121
86012
88370
90307
92840
95120
97882
101785
105820
109806
113565
118592
124865
128343
145193
156094
167446
181527
197142
214910
242708
272166
304524
335955
378283
417962
467594
529591
593291
660706
720117
782365
857487
932605
1013157
1095915
1197403
1272113
1345046
1426094
1511099
1595345
1691714
1771509
1846675
1917315
1973710
2056048
2152640
2240191
2317759
2401379
2472259
2554893
2623415
2708885
2811193
2896746
2971475
3041764
3116398
3193886
3256846
3343777
3427343
3506729
3583055
3662691
3755341
3845718
3938064
4024009
4101699
4177504
4261955
4347018
