1
1
1
1
1
1
2
2
2
2
3
3
4
17
18
26
42
56
82
131
133
171
213
259
362
426
492
564
634
719
806
906
1013
1113
1118
1371
1523
1666
1770
1868
2007
2122
2247
2251
2458
2469
2629
2708
2770
2814
2872
2941
2996
3085
3160
3254
3348
3460
3558
3802
3933
4262
4615
4720
5404
5819
6440
7126
7905
8733
9867
11299
12974
14632
16497
18615
21181
23970
27198
30652
33925
37582
42107
46809
52983
58787
64606
69374
74585
81864
88337
95454
102524
108502
114089
119482
125984
134177
143800
153822
159510
165044
169986
176940
183027
190858
197159
202846
206544
211167
217153
227638
233388
238650
243808
247470
251537
257239
263831
269567
274898
279311
282709
286330
291964
297197
